Rank  Model                       Mean r    Std r             95% CI    Min r    Max r
----------------------------------------------------------------------------------
1     RNN_full                   0.01560  0.00099 [0.01474, 0.01647]   0.01453  0.01709
2     RNN_windowed               0.01153  0.00040 [0.01117, 0.01188]   0.01110  0.01227
3     LinearLag_full             0.01052  0.00165 [0.00907, 0.01196]   0.00810  0.01283
4     CNN1D_full                 0.01002  0.00272 [0.00763, 0.01240]   0.00655  0.01448
5     UNet1D_full                0.00967  0.00249 [0.00749, 0.01185]   0.00525  0.01232
6     UNet1D_windowed            0.00785  0.00079 [0.00716, 0.00854]   0.00660  0.00908
7     ShallowMLP_full            0.00706  0.00103 [0.00616, 0.00797]   0.00607  0.00901
8     TCN_windowed               0.00658  0.00176 [0.00504, 0.00812]   0.00431  0.00901
9     CNN1D_windowed             0.00636  0.00113 [0.00537, 0.00735]   0.00455  0.00762
10    ShallowMLP_windowed        0.00454  0.00100 [0.00366, 0.00542]   0.00361  0.00614
11    TCN_full                   0.00177  0.00054 [0.00130, 0.00224]   0.00113  0.00262

Per-fold r values:
Model                     Fold 1  Fold 2  Fold 3  Fold 4  Fold 5
-----------------------------------------------------------------
RNN_full                  0.01460  0.01547  0.01453  0.01633  0.01709
RNN_windowed              0.01110  0.01125  0.01147  0.01155  0.01227
LinearLag_full            0.00944  0.01283  0.00810  0.01061  0.01160
CNN1D_full                0.00799  0.01010  0.01096  0.00655  0.01448
UNet1D_full               0.00933  0.01173  0.00525  0.00971  0.01232
UNet1D_windowed           0.00771  0.00799  0.00660  0.00787  0.00908
ShallowMLP_full           0.00670  0.00711  0.00642  0.00607  0.00901
TCN_windowed              0.00605  0.00535  0.00901  0.00431  0.00817
CNN1D_windowed            0.00628  0.00455  0.00762  0.00586  0.00748
ShallowMLP_windowed       0.00614  0.00376  0.00390  0.00361  0.00529
TCN_full                  0.00135  0.00162  0.00212  0.00113  0.00262
